36
20
11 0 4
24 0 2
0 1 3
2 1 4
13 1 2
17 1 7
27 1 8
34 1 2
4 2 7
11 2 5
15 2 1
19 2 8
21 2 5
25 2 1
28 2 2
31 2 4
35 2 2
0 3 6
5 3 4
13 3 3
24 3 2
26 3 2
11 4 6
31 4 4
4 5 2
18 5 1
21 5 2
33 5 2
8 6 1
16 6 4
22 6 4
27 6 4
30 6 1
1 7 1
20 7 3
33 7 4
35 7 4
5 8 2
11 8 4
14 8 4
27 8 4
7 9 5
10 9 3
30 9 2
32 9 4
1 10 5
3 10 1
18 10 1
23 10 3
27 10 8
31 10 2
5 11 1
9 11 2
0 12 2
13 12 2
15 12 5
27 12 4
33 12 2
35 12 1
29 13 2
0 14 1
3 14 2
7 14 4
10 14 7
14 14 18
18 14 1
31 14 1
35 14 1
21 15 2
25 15 8
27 15 4
4 16 3
16 16 18
22 16 1
33 16 4
17 17 4
34 17 4
6 18 3
8 18 1
12 18 4
19 18 4
24 18 2
29 18 4
33 18 4
0 19 6
7 19 1
10 19 3
28 19 4
